49.07
49.48
49.5
50.01
50.11
50.9
51.19
51.51
52.03
52.15
52.29
52.3
52.46
52.78
53.86
53.98
54.34
54.43
54.47
54.55
54.95
55.02
55.6
56.14
56.98
57.66
57.81
58.85
59.11
59.69
60
60.57
60.67
60.76
61.9
61.91
61.99
62.85
62.95
63.12
63.12
63.14
63.19
63.29
63.41
63.62
63.86
64.09
64.47
64.85
65.11
65.32
65.47
65.6
66.05
66.66
66.71
66.72
66.86
67.06
67.48
67.68
68.2
68.4
68.44
68.93
68.95
69.16
69.51
69.75
69.82
69.85
69.94
70.36
70.62
70.81
71.14
71.28
71.41
71.46
71.61
71.69
71.81
71.87
71.9
71.96
72.07
72.21
72.31
72.33
72.38
72.45
72.65
72.94
72.98
73.02
73.03
73.03
73.19
73.19
73.44
73.55
73.75
73.82
73.93
74.01
74.05
74.08
74.23
74.28
74.45
74.58
74.62
74.66
74.72
74.75
74.79
74.92
74.94
74.99
75.02
75.07
75.14
75.15
75.24
75.46
75.46
75.46
75.58
75.6
75.77
75.83
75.91
76.12
76.15
76.15
76.18
76.2
76.24
76.31
76.39
76.45
76.57
76.6
76.61
76.86
76.91
77.22
77.32
77.46
77.51
77.56
77.61
77.62
77.66
77.77
78.05
78.06
78.13
78.17
78.24
78.27
78.43
78.62
78.85
78.94
79.27
79.55
79.55
79.71
79.78
79.88
79.98
80.04
80.18
80.29
80.32
80.44
80.44
80.82
81.01
81.11
81.17
81.28
81.37
81.56
81.57
81.59
81.95
81.98
82.28
82.58
83.12
84.07
84.19
89.63
